### adasind_167700.jpg
polygon ignore_region reason=lens_border n=40
  (0,984) (0,0) (1080,0) (1080,984) (1080,913) (1080,842) (1080,773) (1080,706) (1080,640) (1080,577) (1080,517) (1080,461) (1080,409) (1080,361) (1080,288) (1043,264) (990,241) (920,214) (856,195) (781,180) (712,173) (632,166) (560,170) (487,183) (418,198) (350,220) (291,250) (228,282) (169,321) (114,368) (63,415) (13,472) (0,492) (0,577) (0,640) (0,706) (0,773) (0,842) (0,913) (0,984)
polygon ignore_region reason=lens_border n=41
  (1080,984) (1080,1920) (0,1920) (0,984) (0,984) (0,1054) (0,1125) (0,1194) (0,1262) (0,1327) (0,1390) (1,1442) (30,1481) (83,1536) (138,1585) (196,1630) (255,1666) (310,1692) (378,1720) (442,1743) (502,1759) (571,1773) (630,1774) (703,1773) (770,1758) (846,1745) (912,1726) (973,1704) (1035,1672) (1080,1649) (1080,1606) (1080,1558) (1080,1506) (1080,1450) (1080,1390) (1080,1327) (1080,1262) (1080,1194) (1080,1125) (1080,1054) (1080,984)
polygon ignore_region reason=ego_body n=50
  (0,1185) (19,1207) (21,1219) (23,1231) (32,1237) (66,1255) (72,1262) (74,1270) (74,1281) (74,1292) (75,1300) (79,1305) (82,1306) (89,1294) (92,1291) (96,1289) (117,1290) (133,1292) (153,1300) (163,1311) (173,1321) (177,1333) (177,1342) (179,1346) (184,1348) (191,1354) (193,1360) (190,1370) (187,1370) (179,1366) (176,1367) (175,1379) (173,1384) (184,1417) (190,1428) (192,1433) (193,1445) (191,1456) (191,1479) (213,1527) (226,1567) (256,1631) (273,1656) (319,1689) (322,1695) (263,1669) (154,1597) (33,1483) (2,1441) (0,1436)
polygon ignore_region reason=ego_body n=20
  (428,1734) (435,1740) (464,1748) (496,1757) (537,1765) (548,1766) (547,1756) (541,1752) (528,1747) (521,1743) (512,1743) (501,1743) (494,1741) (486,1739) (477,1733) (473,1733) (450,1730) (435,1730) (429,1731) (428,1734)
### adasind_199770.jpg
polygon ignore_region reason=lens_border n=20
  (0,0) (1080,0) (1080,334) (1014,293) (951,260) (886,240) (819,219) (750,203) (681,194) (610,191) (542,200) (475,209) (405,224) (341,244) (285,275) (219,311) (162,351) (108,396) (50,441) (0,508)
polygon ignore_region reason=lens_border n=20
  (1080,1920) (0,1920) (0,1477) (62,1547) (141,1616) (217,1672) (275,1706) (337,1734) (400,1758) (471,1779) (541,1791) (610,1792) (681,1798) (750,1789) (819,1773) (886,1752) (951,1725) (1013,1693) (1052,1670) (1080,1659)
polygon ignore_region reason=ego_body n=56
  (0,980) (37,1010) (40,1026) (38,1036) (35,1040) (34,1047) (40,1053) (49,1052) (57,1046) (61,1042) (73,1045) (102,1055) (118,1062) (127,1073) (135,1092) (140,1097) (133,1106) (129,1108) (127,1112) (123,1119) (120,1139) (126,1151) (129,1160) (128,1180) (118,1194) (114,1208) (110,1222) (103,1237) (95,1247) (87,1255) (83,1264) (88,1311) (90,1322) (85,1347) (85,1360) (90,1398) (92,1407) (92,1429) (95,1444) (97,1459) (100,1475) (105,1484) (109,1490) (118,1497) (124,1503) (130,1515) (134,1523) (135,1534) (135,1544) (129,1556) (123,1569) (119,1583) (128,1597) (131,1603) (62,1545) (0,1475)
